<pad>	0
<unk>	1
1	2
2	3
4	4
5	5
6	6
7	7
8	8
9	9
10	10
11	11
12	12
13	13
14	14
15	15
16	16
17	17
18	18
19	19
20	20
21	21
22	22
23	23
24	24
25	25
26	26
27	27
28	28
29	29
30	30
31	31
32	32
33	33
34	34
35	35
36	36
37	37
38	38
39	39
40	40
41	41
42	42
43	43
44	44
45	45
46	46
47	47
48	48
49	49
50	50
51	51
52	52
53	53
54	54
55	55
56	56
57	57
58	58
59	59
60	60
61	61
62	62
63	63
64	64
65	65
66	66
67	67
68	68
69	69
70	70
71	71
72	72
73	73
74	74
75	75
76	76
77	77
78	78
79	79
80	80
81	81
82	82
83	83
84	84
85	85
86	86
87	87
88	88
89	89
90	90
91	91
92	92
93	93
94	94
95	95
96	96
97	97
98	98
99	99
100	100
101	101
102	102
103	103
104	104
105	105
106	106
107	107
108	108
109	109
110	110
111	111
112	112
113	113
114	114
115	115
116	116
117	117
118	118
119	119
120	120
121	121
122	122
123	123
124	124
125	125
126	126
127	127
128	128
129	129
130	130
131	131
132	132
133	133
134	134
135	135
136	136
137	137
138	138
139	139
140	140
141	141
142	142
143	143
144	144
145	145
146	146
147	147
148	148
149	149
150	150
151	151
152	152
153	153
154	154
155	155
156	156
157	157
158	158
159	159
160	160
161	161
162	162
163	163
164	164
165	165
166	166
167	167
168	168
169	169
170	170
171	171
172	172
173	173
174	174
175	175
176	176
177	177
178	178
179	179
180	180
181	181
182	182
183	183
184	184
185	185
186	186
187	187
188	188
189	189
190	190
191	191
192	192
193	193
194	194
195	195
196	196
197	197
198	198
199	199
200	200
201	201
202	202
203	203
204	204
205	205
206	206
207	207
208	208
209	209
210	210
211	211
212	212
213	213
214	214
215	215
216	216
217	217
218	218
219	219
220	220
221	221
222	222
223	223
224	224
225	225
226	226
227	227
228	228
229	229
230	230
231	231
232	232
233	233
234	234
235	235
236	236
237	237
238	238
239	239
240	240
241	241
242	242
243	243
244	244
245	245
246	246
247	247
248	248
249	249
250	250
251	251
252	252
253	253
254	254
255	255
256	256
257	257
258	258
259	259
260	260
261	261
262	262
263	263
264	264
265	265
266	266
267	267
268	268
269	269
270	270
271	271
272	272
273	273
274	274
275	275
276	276
277	277
278	278
279	279
280	280
281	281
282	282
283	283
284	284
285	285
286	286
287	287
288	288
289	289
290	290
291	291
292	292
293	293
294	294
295	295
296	296
297	297
298	298
299	299
300	300
301	301
302	302
303	303
304	304
305	305
306	306
307	307
308	308
309	309
310	310
311	311
312	312
313	313
314	314
315	315
316	316
317	317
318	318
319	319
320	320
321	321
322	322
323	323
324	324
325	325
326	326
327	327
328	328
329	329
330	330
331	331
332	332
333	333
334	334
335	335
336	336
337	337
338	338
339	339
340	340
341	341
342	342
343	343
344	344
345	345
346	346
347	347
348	348
349	349
350	350
351	351
352	352
353	353
354	354
355	355
356	356
357	357
358	358
359	359
360	360
361	361
362	362
363	363
364	364
365	365
366	366
367	367
368	368
369	369
370	370
371	371
372	372
373	373
374	374
375	375
376	376
377	377
378	378
379	379
380	380
381	381
382	382
383	383
384	384
385	385
386	386
387	387
388	388
389	389
390	390
391	391
392	392
393	393
394	394
395	395
396	396
397	397
398	398
399	399
400	400
401	401
402	402
403	403
404	404
405	405
406	406
407	407
408	408
409	409
410	410
411	411
412	412
413	413
414	414
415	415
416	416
417	417
418	418
419	419
420	420
421	421
422	422
423	423
424	424
425	425
426	426
427	427
428	428
429	429
430	430
431	431
432	432
433	433
434	434
435	435
436	436
437	437
438	438
439	439
440	440
441	441
442	442
443	443
444	444
445	445
446	446
447	447
448	448
449	449
450	450
451	451
453	452
454	453
455	454
456	455
457	456
458	457
459	458
460	459
461	460
462	461
463	462
464	463
465	464
466	465
467	466
468	467
469	468
470	469
471	470
472	471
473	472
474	473
475	474
476	475
477	476
478	477
479	478
480	479
481	480
482	481
483	482
484	483
485	484
486	485
487	486
488	487
489	488
490	489
491	490
492	491
493	492
494	493
495	494
496	495
497	496
498	497
499	498
500	499
501	500
502	501
503	502
504	503
505	504
506	505
507	506
508	507
509	508
510	509
511	510
512	511
513	512
514	513
515	514
516	515
517	516
518	517
519	518
520	519
521	520
522	521
523	522
524	523
525	524
526	525
527	526
528	527
529	528
530	529
531	530
532	531
533	532
534	533
535	534
536	535
537	536
538	537
539	538
540	539
541	540
542	541
543	542
544	543
545	544
546	545
547	546
548	547
549	548
550	549
551	550
552	551
553	552
554	553
555	554
556	555
557	556
558	557
559	558
560	559
561	560
562	561
563	562
564	563
565	564
566	565
567	566
568	567
569	568
570	569
571	570
572	571
573	572
574	573
575	574
576	575
577	576
578	577
579	578
580	579
581	580
582	581
583	582
584	583
585	584
586	585
587	586
588	587
589	588
590	589
591	590
592	591
593	592
594	593
595	594
596	595
597	596
598	597
599	598
600	599
601	600
602	601
603	602
604	603
605	604
606	605
607	606
608	607
609	608
610	609
611	610
612	611
613	612
614	613
615	614
616	615
617	616
618	617
619	618
620	619
621	620
622	621
623	622
624	623
625	624
626	625
627	626
628	627
629	628
630	629
631	630
632	631
633	632
634	633
635	634
636	635
637	636
638	637
639	638
640	639
641	640
642	641
643	642
644	643
645	644
646	645
647	646
648	647
649	648
650	649
651	650
652	651
653	652
654	653
655	654
656	655
657	656
658	657
659	658
660	659
661	660
662	661
663	662
664	663
665	664
666	665
667	666
668	667
669	668
670	669
671	670
672	671
673	672
674	673
675	674
676	675
677	676
678	677
679	678
680	679
681	680
682	681
683	682
684	683
685	684
686	685
687	686
688	687
689	688
690	689
691	690
692	691
693	692
694	693
695	694
696	695
697	696
698	697
699	698
700	699
701	700
702	701
703	702
704	703
705	704
706	705
707	706
708	707
709	708
710	709
711	710
712	711
713	712
714	713
715	714
716	715
717	716
718	717
719	718
720	719
721	720
722	721
723	722
724	723
725	724
726	725
727	726
728	727
729	728
730	729
731	730
732	731
733	732
734	733
735	734
736	735
737	736
738	737
739	738
740	739
741	740
742	741
743	742
744	743
745	744
746	745
747	746
748	747
749	748
750	749
751	750
752	751
753	752
754	753
755	754
756	755
757	756
758	757
759	758
760	759
761	760
762	761
763	762
764	763
765	764
766	765
767	766
768	767
769	768
770	769
771	770
772	771
773	772
774	773
775	774
776	775
777	776
778	777
779	778
780	779
781	780
782	781
783	782
784	783
785	784
786	785
787	786
788	787
789	788
790	789
791	790
792	791
793	792
794	793
795	794
796	795
797	796
798	797
799	798
800	799
801	800
802	801
803	802
804	803
805	804
806	805
807	806
808	807
809	808
810	809
811	810
812	811
813	812
814	813
815	814
816	815
817	816
818	817
819	818
820	819
821	820
822	821
823	822
824	823
825	824
826	825
827	826
828	827
829	828
830	829
831	830
832	831
833	832
834	833
835	834
836	835
837	836
838	837
839	838
840	839
841	840
842	841
843	842
844	843
845	844
846	845
847	846
848	847
849	848
850	849
851	850
852	851
853	852
854	853
855	854
856	855
857	856
858	857
859	858
860	859
861	860
862	861
863	862
864	863
865	864
866	865
867	866
868	867
869	868
870	869
871	870
872	871
873	872
874	873
875	874
876	875
877	876
878	877
879	878
880	879
881	880
882	881
883	882
884	883
885	884
886	885
887	886
888	887
889	888
890	889
891	890
892	891
893	892
894	893
895	894
896	895
897	896
898	897
899	898
900	899
901	900
902	901
903	902
904	903
905	904
906	905
907	906
908	907
909	908
910	909
911	910
912	911
913	912
914	913
915	914
916	915
917	916
918	917
919	918
920	919
921	920
922	921
923	922
924	923
925	924
926	925
927	926
928	927
929	928
930	929
931	930
932	931
933	932
934	933
935	934
936	935
937	936
938	937
939	938
940	939
941	940
942	941
943	942
944	943
945	944
946	945
947	946
948	947
949	948
950	949
951	950
952	951
953	952
954	953
955	954
956	955
957	956
958	957
959	958
960	959
961	960
962	961
963	962
964	963
965	964
966	965
967	966
968	967
969	968
970	969
971	970
972	971
973	972
974	973
975	974
976	975
977	976
978	977
979	978
980	979
981	980
982	981
983	982
984	983
985	984
986	985
987	986
988	987
989	988
990	989
991	990
992	991
993	992
994	993
995	994
996	995
997	996
998	997
999	998
1000	999
1001	1000
1002	1001
1003	1002
1004	1003
1005	1004
1006	1005
1007	1006
1008	1007
1009	1008
1010	1009
1011	1010
1012	1011
1013	1012
1014	1013
1015	1014
1016	1015
1017	1016
1018	1017
1019	1018
1020	1019
1021	1020
1022	1021
1023	1022
1024	1023
1025	1024
1026	1025
1027	1026
1028	1027
1029	1028
1030	1029
1031	1030
1032	1031
1033	1032
1034	1033
1035	1034
1036	1035
1037	1036
1038	1037
1039	1038
1040	1039
1041	1040
1042	1041
1043	1042
1044	1043
1045	1044
1046	1045
1047	1046
1048	1047
1049	1048
1050	1049
1051	1050
1052	1051
1053	1052
1054	1053
1055	1054
1056	1055
1057	1056
1058	1057
1059	1058
1060	1059
1061	1060
1062	1061
1063	1062
1064	1063
1065	1064
1066	1065
1067	1066
1068	1067
1069	1068
1070	1069
1071	1070
1072	1071
1073	1072
1074	1073
1075	1074
1076	1075
1077	1076
1078	1077
1079	1078
1080	1079
1081	1080
1082	1081
1083	1082
1084	1083
1085	1084
1086	1085
1087	1086
1088	1087
1089	1088
1091	1089
1092	1090
1093	1091
1094	1092
1095	1093
1096	1094
1097	1095
1098	1096
1099	1097
1100	1098
1101	1099
1102	1100
1103	1101
1104	1102
1105	1103
1106	1104
1107	1105
1108	1106
1109	1107
1110	1108
1111	1109
1112	1110
1113	1111
1114	1112
1115	1113
1116	1114
1117	1115
1118	1116
1119	1117
1120	1118
1121	1119
1122	1120
1123	1121
1124	1122
1125	1123
1126	1124
1127	1125
1128	1126
1129	1127
1130	1128
1131	1129
1132	1130
1133	1131
1134	1132
1135	1133
1136	1134
1137	1135
1138	1136
1139	1137
1140	1138
1141	1139
1142	1140
1143	1141
1144	1142
1145	1143
1146	1144
1147	1145
1148	1146
1149	1147
1150	1148
1151	1149
1152	1150
1153	1151
1154	1152
1155	1153
1156	1154
1157	1155
1158	1156
1159	1157
1160	1158
1161	1159
1162	1160
1163	1161
1164	1162
1165	1163
1166	1164
1167	1165
1168	1166
1169	1167
1170	1168
1171	1169
1172	1170
1173	1171
1174	1172
1175	1173
1176	1174
1177	1175
1178	1176
1179	1177
1180	1178
1181	1179
1182	1180
1183	1181
1184	1182
1185	1183
1186	1184
1187	1185
1188	1186
1189	1187
1190	1188
1191	1189
1192	1190
1193	1191
1194	1192
1195	1193
1196	1194
1197	1195
1198	1196
1199	1197
1200	1198
1201	1199
1202	1200
1203	1201
1204	1202
1205	1203
1206	1204
1207	1205
1208	1206
1209	1207
1210	1208
1211	1209
1212	1210
1215	1211
1216	1212
1217	1213
1218	1214
1219	1215
1220	1216
1221	1217
1222	1218
1223	1219
1224	1220
1225	1221
1226	1222
1227	1223
1228	1224
1229	1225
1230	1226
1231	1227
1232	1228
1233	1229
1234	1230
1235	1231
1236	1232
1237	1233
1238	1234
1239	1235
1240	1236
1241	1237
1242	1238
1243	1239
1244	1240
1245	1241
1246	1242
1247	1243
1248	1244
1249	1245
1250	1246
1251	1247
1252	1248
1253	1249
1255	1250
1256	1251
1257	1252
1258	1253
1259	1254
1260	1255
1261	1256
1262	1257
1263	1258
1264	1259
1265	1260
1266	1261
1267	1262
1268	1263
1269	1264
1270	1265
1271	1266
1272	1267
1273	1268
1274	1269
1275	1270
1276	1271
1277	1272
1278	1273
1279	1274
1280	1275
1281	1276
1282	1277
1283	1278
1284	1279
1285	1280
1286	1281
1287	1282
1288	1283
1289	1284
1290	1285
1291	1286
1292	1287
1293	1288
1294	1289
1295	1290
1296	1291
1297	1292
1298	1293
1299	1294
1300	1295
1301	1296
1302	1297
1303	1298
1304	1299
1305	1300
1306	1301
1307	1302
1308	1303
1309	1304
1310	1305
1311	1306
1312	1307
1313	1308
1314	1309
1315	1310
1316	1311
1317	1312
1318	1313
1319	1314
1320	1315
1321	1316
1322	1317
1323	1318
1324	1319
1325	1320
1326	1321
1327	1322
1328	1323
1329	1324
1330	1325
1331	1326
1332	1327
1333	1328
1334	1329
1335	1330
1336	1331
1337	1332
1338	1333
1339	1334
1340	1335
1341	1336
1342	1337
1343	1338
1344	1339
1345	1340
1346	1341
1347	1342
1348	1343
1349	1344
1350	1345
1351	1346
1352	1347
1353	1348
1354	1349
1355	1350
1356	1351
1357	1352
1358	1353
1360	1354
1361	1355
1362	1356
1363	1357
1364	1358
1365	1359
1366	1360
1367	1361
1368	1362
1369	1363
1370	1364
1371	1365
1372	1366
1373	1367
1374	1368
1375	1369
1376	1370
1377	1371
1378	1372
1379	1373
1380	1374
1381	1375
1382	1376
1383	1377
1384	1378
1385	1379
1386	1380
1387	1381
1388	1382
1389	1383
1390	1384
1391	1385
1392	1386
1393	1387
1394	1388
1395	1389
1396	1390
1397	1391
1398	1392
1399	1393
1400	1394
1401	1395
1402	1396
1403	1397
1404	1398
1405	1399
1406	1400
1407	1401
1408	1402
1409	1403
1410	1404
1411	1405
1412	1406
1413	1407
1415	1408
1416	1409
1417	1410
1418	1411
1419	1412
1420	1413
1421	1414
1422	1415
1423	1416
1424	1417
1425	1418
1426	1419
1427	1420
1428	1421
1429	1422
1430	1423
1431	1424
1432	1425
1433	1426
1434	1427
1435	1428
1436	1429
1437	1430
1438	1431
1439	1432
1440	1433
1441	1434
1442	1435
1443	1436
1444	1437
1445	1438
1446	1439
1447	1440
1448	1441
1449	1442
1450	1443
1451	1444
1452	1445
1453	1446
1454	1447
1455	1448
1456	1449
1457	1450
1458	1451
1459	1452
1460	1453
1461	1454
1462	1455
1463	1456
1464	1457
1465	1458
1466	1459
1467	1460
1468	1461
1469	1462
1470	1463
1471	1464
1472	1465
1473	1466
1474	1467
1475	1468
1476	1469
1477	1470
1478	1471
1479	1472
1480	1473
1481	1474
1482	1475
1483	1476
1484	1477
1485	1478
1486	1479
1487	1480
1488	1481
1489	1482
1491	1483
1492	1484
1493	1485
1494	1486
1495	1487
1496	1488
1497	1489
1498	1490
1499	1491
1500	1492
1501	1493
1502	1494
1503	1495
1504	1496
1505	1497
1506	1498
1507	1499
1508	1500
1509	1501
1510	1502
1511	1503
1512	1504
1513	1505
1514	1506
1515	1507
1516	1508
1517	1509
1518	1510
1519	1511
1520	1512
1521	1513
1522	1514
1523	1515
1524	1516
1525	1517
1526	1518
1527	1519
1528	1520
1529	1521
1530	1522
1531	1523
1532	1524
1533	1525
1534	1526
1535	1527
1536	1528
1537	1529
1538	1530
1539	1531
1542	1532
1543	1533
1544	1534
1545	1535
1546	1536
1547	1537
1548	1538
1549	1539
1550	1540
1551	1541
1552	1542
1553	1543
1554	1544
1555	1545
1556	1546
1557	1547
1558	1548
1559	1549
1560	1550
1561	1551
1562	1552
1563	1553
1564	1554
1565	1555
1566	1556
1567	1557
1568	1558
1569	1559
1570	1560
1571	1561
1572	1562
1573	1563
1574	1564
1575	1565
1576	1566
1577	1567
1578	1568
1579	1569
1580	1570
1581	1571
1582	1572
1583	1573
1584	1574
1585	1575
1586	1576
1587	1577
1588	1578
1589	1579
1590	1580
1591	1581
1592	1582
1593	1583
1594	1584
1595	1585
1596	1586
1597	1587
1598	1588
1599	1589
1600	1590
1601	1591
1602	1592
1603	1593
1604	1594
1605	1595
1606	1596
1607	1597
1608	1598
1609	1599
1611	1600
1612	1601
1613	1602
1614	1603
1615	1604
1616	1605
1617	1606
1618	1607
1619	1608
1620	1609
1621	1610
1622	1611
1623	1612
1624	1613
1625	1614
1626	1615
1627	1616
1628	1617
1629	1618
1630	1619
1631	1620
1632	1621
1633	1622
1634	1623
1635	1624
1636	1625
1637	1626
1638	1627
1639	1628
1640	1629
1641	1630
1642	1631
1643	1632
1644	1633
1645	1634
1646	1635
1647	1636
1649	1637
1650	1638
1651	1639
1652	1640
1653	1641
1654	1642
1655	1643
1656	1644
1657	1645
1658	1646
1659	1647
1660	1648
1661	1649
1663	1650
1664	1651
1665	1652
1666	1653
1667	1654
1668	1655
1669	1656
1670	1657
1671	1658
1672	1659
1673	1660
1674	1661
1675	1662
1676	1663
1677	1664
1678	1665
1679	1666
1680	1667
1681	1668
1682	1669
1683	1670
1684	1671
1685	1672
1686	1673
1687	1674
1688	1675
1689	1676
1690	1677
1691	1678
1692	1679
1693	1680
1694	1681
1695	1682
1696	1683
1697	1684
1698	1685
1699	1686
1700	1687
1701	1688
1702	1689
1703	1690
1704	1691
1705	1692
1706	1693
1707	1694
1708	1695
1709	1696
1710	1697
1711	1698
1712	1699
1713	1700
1714	1701
1715	1702
1716	1703
1717	1704
1718	1705
1719	1706
1720	1707
1721	1708
1722	1709
1723	1710
1724	1711
1725	1712
1726	1713
1727	1714
1728	1715
1729	1716
1730	1717
1731	1718
1732	1719
1733	1720
1734	1721
1735	1722
1736	1723
1737	1724
1738	1725
1739	1726
1740	1727
1741	1728
1742	1729
1743	1730
1744	1731
1745	1732
1746	1733
1747	1734
1748	1735
1749	1736
1750	1737
1751	1738
1752	1739
1753	1740
1754	1741
1755	1742
1756	1743
1757	1744
1758	1745
1759	1746
1760	1747
1761	1748
1762	1749
1763	1750
1764	1751
1765	1752
1766	1753
1767	1754
1768	1755
1769	1756
1770	1757
1771	1758
1772	1759
1773	1760
1774	1761
1775	1762
1776	1763
1777	1764
1778	1765
1779	1766
1780	1767
1781	1768
1782	1769
1783	1770
1784	1771
1785	1772
1786	1773
1787	1774
1788	1775
1789	1776
1790	1777
1791	1778
1792	1779
1793	1780
1794	1781
1795	1782
1796	1783
1797	1784
1798	1785
1799	1786
1800	1787
1801	1788
1802	1789
1803	1790
1804	1791
1805	1792
1806	1793
1807	1794
1808	1795
1809	1796
1810	1797
1811	1798
1812	1799
1813	1800
1814	1801
1815	1802
1816	1803
1817	1804
1818	1805
1819	1806
1820	1807
1821	1808
1822	1809
1823	1810
1824	1811
1825	1812
1826	1813
1827	1814
1828	1815
1829	1816
1830	1817
1831	1818
1832	1819
1833	1820
1834	1821
1835	1822
1836	1823
1837	1824
1839	1825
1840	1826
1841	1827
1842	1828
1843	1829
1844	1830
1845	1831
1846	1832
1847	1833
1848	1834
1849	1835
1850	1836
1851	1837
1852	1838
1853	1839
1854	1840
1855	1841
1856	1842
1857	1843
1858	1844
1859	1845
1860	1846
1861	1847
1862	1848
1863	1849
1864	1850
1865	1851
1866	1852
1867	1853
1868	1854
1869	1855
1870	1856
1871	1857
1872	1858
1873	1859
1874	1860
1875	1861
1876	1862
1877	1863
1878	1864
1879	1865
1880	1866
1881	1867
1882	1868
1883	1869
1884	1870
1885	1871
1886	1872
1887	1873
1888	1874
1889	1875
1890	1876
1891	1877
1892	1878
1893	1879
1894	1880
1895	1881
1896	1882
1897	1883
1898	1884
1899	1885
1900	1886
1901	1887
1902	1888
1903	1889
1905	1890
1906	1891
1907	1892
1908	1893
1909	1894
1910	1895
1911	1896
1912	1897
1913	1898
1914	1899
1915	1900
1916	1901
1917	1902
1918	1903
1919	1904
1920	1905
1921	1906
1922	1907
1923	1908
1924	1909
1925	1910
1926	1911
1927	1912
1928	1913
1929	1914
1930	1915
1931	1916
1932	1917
1933	1918
1934	1919
1935	1920
1936	1921
1937	1922
1938	1923
1939	1924
1940	1925
1941	1926
1942	1927
1943	1928
1944	1929
1945	1930
1946	1931
1947	1932
1948	1933
1949	1934
1950	1935
1951	1936
1952	1937
1953	1938
1954	1939
1955	1940
1956	1941
1957	1942
1958	1943
1959	1944
1960	1945
1961	1946
1962	1947
1963	1948
1964	1949
1965	1950
1966	1951
1967	1952
1968	1953
1969	1954
1970	1955
1971	1956
1972	1957
1973	1958
1974	1959
1975	1960
1976	1961
1977	1962
1978	1963
1979	1964
1980	1965
1981	1966
1982	1967
1983	1968
1984	1969
1985	1970
1986	1971
1987	1972
1988	1973
1989	1974
1990	1975
1991	1976
1992	1977
1993	1978
1994	1979
1995	1980
1996	1981
1997	1982
1998	1983
1999	1984
2000	1985
2001	1986
2002	1987
2003	1988
2004	1989
2005	1990
2006	1991
2007	1992
2008	1993
2009	1994
2010	1995
2011	1996
2012	1997
2013	1998
2014	1999
2015	2000
2016	2001
2017	2002
2018	2003
2019	2004
2020	2005
2021	2006
2022	2007
2023	2008
2024	2009
2025	2010
2026	2011
2027	2012
2028	2013
2029	2014
2030	2015
2032	2016
2033	2017
2034	2018
2035	2019
2036	2020
2037	2021
2038	2022
2039	2023
2040	2024
2041	2025
2042	2026
2043	2027
2044	2028
2045	2029
2046	2030
2047	2031
2048	2032
2049	2033
2050	2034
2051	2035
2052	2036
2053	2037
2054	2038
2055	2039
2056	2040
2057	2041
2058	2042
2059	2043
2060	2044
2061	2045
2062	2046
2063	2047
2064	2048
2065	2049
2066	2050
2067	2051
2068	2052
2069	2053
2070	2054
2071	2055
2073	2056
2074	2057
2076	2058
2077	2059
2078	2060
2079	2061
2080	2062
2081	2063
2082	2064
2083	2065
2084	2066
2085	2067
2086	2068
2087	2069
2088	2070
2090	2071
2091	2072
2092	2073
2093	2074
2094	2075
2095	2076
2096	2077
2097	2078
2098	2079
2099	2080
2100	2081
2101	2082
2102	2083
2103	2084
2104	2085
2105	2086
2106	2087
2107	2088
2108	2089
2109	2090
2110	2091
2111	2092
2112	2093
2113	2094
2114	2095
2115	2096
2116	2097
2117	2098
2118	2099
2119	2100
2120	2101
2121	2102
2122	2103
2123	2104
2124	2105
2125	2106
2126	2107
2127	2108
2128	2109
2129	2110
2130	2111
2131	2112
2132	2113
2133	2114
2134	2115
2135	2116
2136	2117
2137	2118
2138	2119
2139	2120
2140	2121
2141	2122
2142	2123
2143	2124
2144	2125
2145	2126
2146	2127
2147	2128
2148	2129
2150	2130
2151	2131
2152	2132
2153	2133
2154	2134
2155	2135
2156	2136
2157	2137
2158	2138
2159	2139
2160	2140
2161	2141
2162	2142
2163	2143
2164	2144
2165	2145
2166	2146
2167	2147
2168	2148
2169	2149
2170	2150
2171	2151
2172	2152
2173	2153
2174	2154
2175	2155
2176	2156
2177	2157
2178	2158
2179	2159
2180	2160
2181	2161
2182	2162
2183	2163
2184	2164
2185	2165
2186	2166
2187	2167
2188	2168
2189	2169
2190	2170
2191	2171
2192	2172
2193	2173
2194	2174
2195	2175
2196	2176
2197	2177
2198	2178
2199	2179
2200	2180
2201	2181
2202	2182
2203	2183
2204	2184
2205	2185
2206	2186
2207	2187
2208	2188
2209	2189
2210	2190
2211	2191
2212	2192
2213	2193
2214	2194
2215	2195
2216	2196
2217	2197
2218	2198
2219	2199
2220	2200
2221	2201
2222	2202
2223	2203
2224	2204
2225	2205
2226	2206
2227	2207
2228	2208
2229	2209
2230	2210
2231	2211
2232	2212
2233	2213
2234	2214
2235	2215
2236	2216
2237	2217
2238	2218
2239	2219
2240	2220
2241	2221
2242	2222
2243	2223
2244	2224
2245	2225
2246	2226
2247	2227
2248	2228
2249	2229
2250	2230
2251	2231
2252	2232
2253	2233
2254	2234
2255	2235
2256	2236
2257	2237
2258	2238
2259	2239
2260	2240
2261	2241
2262	2242
2263	2243
2264	2244
2265	2245
2266	2246
2267	2247
2268	2248
2269	2249
2270	2250
2271	2251
2272	2252
2273	2253
2274	2254
2275	2255
2276	2256
2277	2257
2278	2258
2279	2259
2280	2260
2281	2261
2282	2262
2283	2263
2284	2264
2285	2265
2286	2266
2287	2267
2288	2268
2289	2269
2290	2270
2291	2271
2292	2272
2293	2273
2294	2274
2295	2275
2296	2276
2297	2277
2298	2278
2299	2279
2300	2280
2301	2281
2302	2282
2303	2283
2304	2284
2305	2285
2306	2286
2307	2287
2308	2288
2309	2289
2310	2290
2311	2291
2312	2292
2313	2293
2314	2294
2315	2295
2316	2296
2317	2297
2318	2298
2319	2299
2321	2300
2322	2301
2323	2302
2324	2303
2325	2304
2326	2305
2327	2306
2328	2307
2329	2308
2330	2309
2331	2310
2332	2311
2333	2312
2334	2313
2335	2314
2336	2315
2337	2316
2338	2317
2339	2318
2340	2319
2341	2320
2342	2321
2343	2322
2344	2323
2345	2324
2346	2325
2347	2326
2348	2327
2349	2328
2350	2329
2351	2330
2352	2331
2353	2332
2354	2333
2355	2334
2356	2335
2357	2336
2358	2337
2359	2338
2360	2339
2361	2340
2362	2341
2363	2342
2364	2343
2365	2344
2366	2345
2367	2346
2368	2347
2369	2348
2370	2349
2371	2350
2372	2351
2373	2352
2374	2353
2375	2354
2376	2355
2377	2356
2378	2357
2379	2358
2380	2359
2382	2360
2383	2361
2384	2362
2385	2363
2386	2364
2387	2365
2388	2366
2389	2367
2390	2368
2391	2369
2392	2370
2393	2371
2394	2372
2395	2373
2396	2374
2397	2375
2398	2376
2399	2377
2400	2378
2401	2379
2402	2380
2403	2381
2404	2382
2405	2383
2406	2384
2407	2385
2408	2386
2409	2387
2410	2388
2411	2389
2412	2390
2413	2391
2414	2392
2415	2393
2416	2394
2417	2395
2418	2396
2419	2397
2420	2398
2421	2399
2422	2400
2423	2401
2425	2402
2426	2403
2427	2404
2428	2405
2430	2406
2431	2407
2432	2408
2433	2409
2434	2410
2435	2411
2436	2412
2437	2413
2438	2414
2439	2415
2440	2416
2441	2417
2443	2418
2444	2419
2445	2420
2446	2421
2447	2422
2448	2423
2449	2424
2450	2425
2451	2426
2452	2427
2453	2428
2454	2429
2455	2430
2456	2431
2457	2432
2458	2433
2459	2434
2460	2435
2461	2436
2462	2437
2463	2438
2464	2439
2465	2440
2466	2441
2467	2442
2468	2443
2469	2444
2470	2445
2471	2446
2472	2447
2473	2448
2474	2449
2475	2450
2476	2451
2477	2452
2478	2453
2479	2454
2480	2455
2481	2456
2482	2457
2483	2458
2484	2459
2485	2460
2486	2461
2487	2462
2488	2463
2489	2464
2490	2465
2491	2466
2492	2467
2493	2468
2494	2469
2496	2470
2497	2471
2498	2472
2499	2473
2500	2474
2501	2475
2502	2476
2503	2477
2504	2478
2505	2479
2506	2480
2507	2481
2508	2482
2509	2483
2510	2484
2512	2485
2513	2486
2514	2487
2515	2488
2516	2489
2517	2490
2518	2491
2519	2492
2520	2493
2521	2494
2522	2495
2523	2496
2524	2497
2525	2498
2526	2499
2527	2500
2528	2501
2529	2502
2530	2503
2531	2504
2532	2505
2533	2506
2534	2507
2535	2508
2536	2509
2537	2510
2538	2511
2539	2512
2540	2513
2541	2514
2543	2515
2544	2516
2545	2517
2546	2518
2547	2519
2548	2520
2549	2521
2550	2522
2551	2523
2552	2524
2553	2525
2554	2526
2555	2527
2556	2528
2557	2529
2558	2530
2559	2531
2560	2532
2561	2533
2562	2534
2563	2535
2564	2536
2565	2537
2566	2538
2567	2539
2568	2540
2569	2541
2570	2542
2571	2543
2572	2544
2573	2545
2574	2546
2576	2547
2577	2548
2578	2549
2579	2550
2580	2551
2581	2552
2582	2553
2583	2554
2584	2555
2585	2556
2586	2557
2587	2558
2588	2559
2589	2560
2590	2561
2591	2562
2592	2563
2593	2564
2594	2565
2595	2566
2596	2567
2597	2568
2598	2569
2599	2570
2600	2571
2601	2572
2602	2573
2603	2574
2604	2575
2605	2576
2607	2577
2608	2578
2609	2579
2610	2580
2611	2581
2612	2582
2613	2583
2614	2584
2615	2585
2616	2586
2617	2587
2618	2588
2619	2589
2620	2590
2621	2591
2622	2592
2624	2593
2625	2594
2626	2595
2627	2596
2628	2597
2629	2598
2630	2599
2631	2600
2632	2601
2633	2602
2634	2603
2635	2604
2636	2605
2637	2606
2638	2607
2639	2608
2640	2609
2641	2610
2642	2611
2643	2612
2644	2613
2645	2614
2646	2615
2647	2616
2648	2617
2650	2618
2651	2619
2654	2620
2655	2621
2656	2622
2657	2623
2658	2624
2661	2625
2662	2626
2663	2627
2664	2628
2665	2629
2668	2630
2669	2631
2670	2632
2671	2633
2672	2634
2673	2635
2674	2636
2675	2637
2676	2638
2678	2639
2679	2640
2680	2641
2681	2642
2682	2643
2683	2644
2684	2645
2685	2646
2686	2647
2687	2648
2688	2649
2689	2650
2690	2651
2691	2652
2692	2653
2693	2654
2694	2655
2695	2656
2696	2657
2697	2658
2698	2659
2699	2660
2700	2661
2701	2662
2702	2663
2703	2664
2704	2665
2705	2666
2706	2667
2707	2668
2708	2669
2709	2670
2710	2671
2711	2672
2712	2673
2713	2674
2714	2675
2715	2676
2716	2677
2717	2678
2719	2679
2720	2680
2721	2681
2722	2682
2723	2683
2724	2684
2725	2685
2726	2686
2727	2687
2728	2688
2729	2689
2730	2690
2731	2691
2732	2692
2733	2693
2734	2694
2735	2695
2736	2696
2737	2697
2738	2698
2739	2699
2740	2700
2741	2701
2742	2702
2743	2703
2744	2704
2745	2705
2746	2706
2747	2707
2748	2708
2749	2709
2750	2710
2751	2711
2752	2712
2753	2713
2754	2714
2755	2715
2756	2716
2757	2717
2758	2718
2759	2719
2760	2720
2761	2721
2762	2722
2763	2723
2764	2724
2765	2725
2766	2726
2767	2727
2768	2728
2769	2729
2771	2730
2772	2731
2774	2732
2776	2733
2777	2734
2778	2735
2779	2736
2780	2737
2781	2738
2782	2739
2783	2740
2784	2741
2785	2742
2786	2743
2787	2744
2788	2745
2789	2746
2790	2747
2791	2748
2792	2749
2793	2750
2794	2751
2795	2752
2796	2753
2797	2754
2798	2755
2799	2756
2800	2757
2801	2758
2802	2759
2803	2760
2804	2761
2805	2762
2806	2763
2807	2764
2811	2765
2812	2766
2813	2767
2814	2768
2815	2769
2816	2770
2817	2771
2818	2772
2819	2773
2820	2774
2821	2775
2822	2776
2823	2777
2824	2778
2825	2779
2826	2780
2828	2781
2829	2782
2830	2783
2831	2784
2832	2785
2833	2786
2834	2787
2835	2788
2836	2789
2838	2790
2839	2791
2840	2792
2841	2793
2842	2794
2843	2795
2844	2796
2845	2797
2846	2798
2847	2799
2848	2800
2849	2801
2850	2802
2851	2803
2852	2804
2853	2805
2854	2806
2855	2807
2856	2808
2858	2809
2859	2810
2861	2811
2862	2812
2863	2813
2865	2814
2866	2815
2867	2816
2868	2817
2869	2818
2870	2819
2871	2820
2873	2821
2874	2822
2876	2823
2877	2824
2878	2825
2879	2826
2880	2827
2881	2828
2882	2829
2883	2830
2884	2831
2885	2832
2886	2833
2887	2834
2888	2835
2889	2836
2890	2837
2891	2838
2892	2839
2893	2840
2894	2841
2895	2842
2896	2843
2897	2844
2898	2845
2899	2846
2900	2847
2901	2848
2902	2849
2903	2850
2904	2851
2905	2852
2906	2853
2907	2854
2908	2855
2909	2856
2910	2857
2911	2858
2912	2859
2913	2860
2914	2861
2915	2862
2916	2863
2917	2864
2918	2865
2919	2866
2920	2867
2921	2868
2922	2869
2923	2870
2924	2871
2925	2872
2926	2873
2927	2874
2928	2875
2929	2876
2930	2877
2931	2878
2933	2879
2934	2880
2935	2881
2936	2882
2937	2883
2938	2884
2939	2885
2940	2886
2941	2887
2942	2888
2943	2889
2944	2890
2945	2891
2946	2892
2947	2893
2948	2894
2949	2895
2951	2896
2952	2897
2954	2898
2955	2899
2957	2900
2958	2901
2959	2902
2960	2903
2961	2904
2962	2905
2963	2906
2964	2907
2965	2908
2966	2909
2967	2910
2968	2911
2969	2912
2970	2913
2971	2914
2972	2915
2973	2916
2974	2917
2975	2918
2976	2919
2977	2920
2979	2921
2980	2922
2981	2923
2982	2924
2983	2925
2984	2926
2985	2927
2986	2928
2987	2929
2988	2930
2989	2931
2990	2932
2991	2933
2992	2934
2993	2935
2995	2936
2996	2937
2997	2938
2999	2939
3000	2940
3001	2941
3002	2942
3004	2943
3005	2944
3006	2945
3007	2946
3008	2947
3009	2948
3011	2949
3012	2950
3013	2951
3014	2952
3015	2953
3016	2954
3017	2955
3018	2956
3020	2957
3021	2958
3022	2959
3023	2960
3024	2961
3025	2962
3026	2963
3027	2964
3028	2965
3029	2966
3031	2967
3032	2968
3034	2969
3035	2970
3036	2971
3037	2972
3038	2973
3040	2974
3041	2975
3042	2976
3043	2977
3044	2978
3045	2979
3046	2980
3047	2981
3048	2982
3049	2983
3050	2984
3051	2985
3052	2986
3053	2987
3054	2988
3055	2989
3056	2990
3057	2991
3058	2992
3059	2993
3061	2994
3062	2995
3063	2996
3064	2997
3065	2998
3066	2999
3067	3000
3068	3001
3069	3002
3070	3003
3071	3004
3072	3005
3073	3006
3074	3007
3076	3008
3077	3009
3078	3010
3079	3011
3080	3012
3081	3013
3082	3014
3084	3015
3085	3016
3086	3017
3087	3018
3088	3019
3089	3020
3091	3021
3092	3022
3093	3023
3094	3024
3096	3025
3097	3026
3098	3027
3099	3028
3101	3029
3102	3030
3103	3031
3104	3032
3105	3033
3106	3034
3107	3035
3108	3036
3109	3037
3110	3038
3111	3039
3112	3040
3113	3041
3115	3042
3117	3043
3118	3044
3119	3045
3120	3046
3121	3047
3122	3048
3124	3049
3125	3050
3126	3051
3127	3052
3128	3053
3129	3054
3130	3055
3131	3056
3132	3057
3133	3058
3134	3059
3135	3060
3136	3061
3137	3062
3138	3063
3139	3064
3140	3065
3141	3066
3143	3067
3144	3068
3145	3069
3146	3070
3147	3071
3148	3072
3149	3073
3150	3074
3151	3075
3152	3076
3154	3077
3155	3078
3156	3079
3157	3080
3158	3081
3159	3082
3162	3083
3163	3084
3164	3085
3165	3086
3166	3087
3167	3088
3168	3089
3169	3090
3170	3091
3171	3092
3172	3093
3173	3094
3174	3095
3175	3096
3176	3097
3177	3098
3178	3099
3179	3100
3180	3101
3181	3102
3183	3103
3184	3104
3185	3105
3186	3106
3187	3107
3188	3108
3190	3109
3191	3110
3192	3111
3193	3112
3194	3113
3195	3114
3196	3115
3197	3116
3199	3117
3200	3118
3201	3119
3202	3120
3203	3121
3204	3122
3205	3123
3207	3124
3209	3125
3211	3126
3212	3127
3213	3128
3215	3129
3216	3130
3217	3131
3218	3132
3219	3133
3220	3134
3221	3135
3222	3136
3223	3137
3224	3138
3225	3139
3226	3140
3227	3141
3228	3142
3229	3143
3230	3144
3231	3145
3232	3146
3234	3147
3236	3148
3237	3149
3238	3150
3239	3151
3240	3152
3241	3153
3243	3154
3244	3155
3246	3156
3248	3157
3249	3158
3250	3159
3252	3160
3254	3161
3255	3162
3257	3163
3258	3164
3259	3165
3260	3166
3261	3167
3262	3168
3263	3169
3264	3170
3265	3171
3266	3172
3267	3173
3269	3174
3270	3175
3271	3176
3272	3177
3274	3178
3275	3179
3276	3180
3278	3181
3279	3182
3280	3183
3281	3184
3284	3185
3285	3186
3286	3187
3288	3188
3289	3189
3290	3190
3291	3191
3292	3192
3293	3193
3294	3194
3295	3195
3297	3196
3300	3197
3301	3198
3303	3199
3304	3200
3305	3201
3306	3202
3307	3203
3308	3204
3309	3205
3311	3206
3312	3207
3314	3208
3315	3209
3316	3210
3317	3211
3318	3212
3319	3213
3320	3214
3322	3215
3323	3216
3324	3217
3325	3218
3326	3219
3327	3220
3328	3221
3329	3222
3330	3223
3331	3224
3332	3225
3334	3226
3335	3227
3336	3228
3337	3229
3339	3230
3341	3231
3342	3232
3343	3233
3344	3234
3345	3235
3346	3236
3347	3237
3348	3238
3349	3239
3350	3240
3351	3241
3352	3242
3353	3243
3355	3244
3356	3245
3357	3246
3358	3247
3359	3248
3365	3249
3366	3250
3367	3251
3368	3252
3369	3253
3370	3254
3372	3255
3373	3256
3374	3257
3377	3258
3378	3259
3379	3260
3380	3261
3383	3262
3384	3263
3386	3264
3387	3265
3388	3266
3390	3267
3392	3268
3393	3269
3394	3270
3396	3271
3397	3272
3399	3273
3400	3274
3401	3275
3403	3276
3404	3277
3405	3278
3406	3279
3407	3280
3409	3281
3410	3282
3412	3283
3413	3284
3414	3285
3415	3286
3417	3287
3418	3288
3419	3289
3420	3290
3421	3291
3423	3292
3424	3293
3425	3294
3426	3295
3427	3296
3428	3297
3429	3298
3430	3299
3431	3300
3432	3301
3433	3302
3434	3303
3435	3304
3436	3305
3437	3306
3438	3307
3440	3308
3442	3309
3443	3310
3444	3311
3445	3312
3446	3313
3447	3314
3448	3315
3449	3316
3450	3317
3452	3318
3453	3319
3454	3320
3455	3321
3456	3322
3457	3323
3458	3324
3459	3325
3460	3326
3462	3327
3463	3328
3464	3329
3465	3330
3466	3331
3467	3332
3468	3333
3469	3334
3470	3335
3471	3336
3472	3337
3473	3338
3474	3339
3475	3340
3476	3341
3477	3342
3478	3343
3480	3344
3483	3345
3485	3346
3486	3347
3487	3348
3488	3349
3489	3350
3490	3351
3491	3352
3492	3353
3493	3354
3494	3355
3496	3356
3498	3357
3499	3358
3501	3359
3502	3360
3503	3361
3504	3362
3505	3363
3506	3364
3508	3365
3509	3366
3510	3367
3511	3368
3512	3369
3514	3370
3515	3371
3516	3372
3518	3373
3519	3374
3521	3375
3522	3376
3523	3377
3524	3378
3525	3379
3527	3380
3528	3381
3529	3382
3530	3383
3531	3384
3532	3385
3533	3386
3534	3387
3535	3388
3536	3389
3537	3390
3540	3391
3541	3392
3542	3393
3543	3394
3544	3395
3545	3396
3546	3397
3547	3398
3548	3399
3549	3400
3552	3401
3553	3402
3554	3403
3555	3404
3556	3405
3557	3406
3558	3407
3559	3408
3562	3409
3563	3410
3564	3411
3565	3412
3566	3413
3568	3414
3569	3415
3570	3416
3571	3417
3572	3418
3573	3419
3574	3420
3575	3421
3576	3422
3577	3423
3578	3424
3579	3425
3580	3426
3581	3427
3582	3428
3583	3429
3584	3430
3585	3431
3586	3432
3587	3433
3588	3434
3589	3435
3592	3436
3593	3437
3594	3438
3597	3439
3598	3440
3599	3441
3600	3442
3601	3443
3603	3444
3604	3445
3605	3446
3607	3447
3608	3448
3609	3449
3611	3450
3612	3451
3613	3452
3615	3453
3616	3454
3617	3455
3618	3456
3620	3457
3622	3458
3623	3459
3625	3460
3626	3461
3629	3462
3630	3463
3631	3464
3632	3465
3633	3466
3635	3467
3636	3468
3637	3469
3638	3470
3639	3471
3642	3472
3643	3473
3644	3474
3645	3475
3646	3476
3647	3477
3648	3478
3650	3479
3651	3480
3654	3481
3656	3482
3659	3483
3660	3484
3662	3485
3663	3486
3664	3487
3666	3488
3667	3489
3668	3490
3669	3491
3671	3492
3672	3493
3673	3494
3674	3495
3675	3496
3676	3497
3679	3498
3680	3499
3681	3500
3682	3501
3683	3502
3684	3503
3685	3504
3686	3505
3687	3506
3689	3507
3690	3508
3691	3509
3692	3510
3693	3511
3694	3512
3695	3513
3696	3514
3697	3515
3699	3516
3701	3517
3702	3518
3704	3519
3705	3520
3706	3521
3707	3522
3708	3523
3709	3524
3711	3525
3712	3526
3713	3527
3714	3528
3715	3529
3718	3530
3720	3531
3721	3532
3722	3533
3723	3534
3724	3535
3725	3536
3726	3537
3729	3538
3731	3539
3732	3540
3733	3541
3734	3542
3735	3543
3736	3544
3739	3545
3742	3546
3743	3547
3745	3548
3746	3549
3748	3550
3749	3551
3750	3552
3751	3553
3752	3554
3753	3555
3754	3556
3755	3557
3758	3558
3762	3559
3763	3560
3764	3561
3765	3562
3766	3563
3767	3564
3769	3565
3773	3566
3774	3567
3775	3568
3780	3569
3781	3570
3782	3571
3783	3572
3784	3573
3785	3574
3786	3575
3789	3576
3790	3577
3791	3578
3792	3579
3793	3580
3795	3581
3796	3582
3799	3583
3800	3584
3801	3585
3802	3586
3803	3587
3804	3588
3805	3589
3807	3590
3808	3591
3813	3592
3815	3593
3816	3594
3817	3595
3818	3596
3819	3597
3822	3598
3823	3599
3824	3600
3825	3601
3827	3602
3828	3603
3829	3604
3831	3605
3832	3606
3835	3607
3836	3608
3837	3609
3839	3610
3840	3611
3842	3612
3846	3613
3849	3614
3850	3615
3851	3616
3852	3617
3853	3618
3854	3619
3855	3620
3860	3621
3861	3622
3862	3623
3863	3624
3866	3625
3867	3626
3869	3627
3870	3628
3871	3629
3872	3630
3874	3631
3875	3632
3876	3633
3878	3634
3879	3635
3881	3636
3882	3637
3886	3638
3887	3639
3888	3640
3890	3641
3892	3642
3893	3643
3894	3644
3895	3645
3897	3646
3899	3647
3900	3648
3901	3649
3902	3650
3903	3651
3904	3652
3905	3653
3906	3654
3907	3655
3908	3656
3909	3657
3910	3658
3911	3659
3913	3660
3914	3661
3915	3662
3920	3663
3921	3664
3922	3665
3924	3666
3927	3667
3928	3668
3929	3669
3930	3670
3931	3671
3933	3672
3936	3673
3938	3674
3942	3675
3943	3676
3944	3677
3946	3678
3947	3679
3948	3680
3951	3681
3952	3682
3953	3683
3954	3684
3955	3685
3956	3686
3957	3687
3958	3688
3959	3689
3960	3690
3963	3691
3966	3692
3967	3693
3968	3694
3969	3695
3971	3696
3972	3697
3974	3698
3975	3699
3976	3700
3978	3701
3979	3702
3980	3703
3982	3704
3984	3705
3986	3706
3987	3707
3988	3708
3989	3709
3991	3710
3992	3711
3993	3712
3994	3713
3995	3714
3996	3715
3999	3716
4000	3717
4002	3718
4004	3719
4006	3720
4008	3721
4009	3722
4010	3723
4011	3724
4013	3725
4014	3726
4016	3727
4017	3728
4018	3729
4019	3730
4020	3731
4022	3732
4023	3733
4026	3734
4027	3735
4030	3736
4034	3737
4035	3738
4036	3739
4037	3740
4039	3741
4040	3742
4041	3743
4044	3744
4045	3745
4047	3746
4048	3747
4050	3748
4052	3749
4053	3750
4054	3751
4055	3752
4056	3753
4057	3754
4058	3755
4059	3756
4060	3757
4061	3758
4062	3759
4063	3760
4064	3761
4066	3762
4069	3763
4071	3764
4072	3765
4073	3766
4074	3767
4075	3768
4076	3769
4077	3770
4080	3771
4084	3772
4086	3773
4087	3774
4088	3775
4089	3776
4090	3777
4092	3778
4098	3779
4099	3780
4100	3781
4101	3782
4103	3783
4104	3784
4106	3785
4107	3786
4108	3787
4109	3788
4111	3789
4112	3790
4113	3791
4114	3792
4115	3793
4117	3794
4118	3795
4120	3796
4121	3797
4122	3798
4123	3799
4124	3800
4125	3801
4126	3802
4127	3803
4129	3804
4130	3805
4131	3806
4134	3807
4135	3808
4136	3809
4138	3810
4140	3811
4143	3812
4144	3813
4145	3814
4146	3815
4151	3816
4152	3817
4153	3818
4154	3819
4155	3820
4156	3821
4157	3822
4159	3823
4160	3824
4162	3825
4164	3826
4165	3827
4166	3828
4167	3829
4168	3830
4169	3831
4170	3832
4171	3833
4173	3834
4174	3835
4176	3836
4177	3837
4178	3838
4182	3839
4183	3840
4184	3841
4187	3842
4189	3843
4190	3844
4192	3845
4193	3846
4195	3847
4196	3848
4197	3849
4198	3850
4200	3851
4201	3852
4204	3853
4205	3854
4206	3855
4207	3856
4208	3857
4209	3858
4210	3859
4213	3860
4216	3861
4219	3862
4222	3863
4224	3864
4225	3865
4228	3866
4229	3867
4230	3868
4233	3869
4234	3870
4235	3871
4237	3872
4241	3873
4242	3874
4243	3875
4245	3876
4247	3877
4248	3878
4250	3879
4252	3880
4254	3881
4256	3882
4257	3883
4258	3884
4260	3885
4261	3886
4264	3887
4265	3888
4266	3889
4267	3890
4268	3891
4269	3892
4270	3893
4274	3894
4276	3895
4277	3896
4279	3897
4280	3898
4284	3899
4286	3900
4288	3901
4289	3902
4290	3903
4293	3904
4294	3905
4295	3906
4297	3907
4299	3908
4300	3909
4301	3910
4302	3911
4303	3912
4304	3913
4305	3914
4306	3915
4307	3916
4308	3917
4309	3918
4310	3919
4311	3920
4312	3921
4314	3922
4317	3923
4318	3924
4319	3925
4320	3926
4322	3927
4325	3928
4327	3929
4328	3930
4329	3931
4330	3932
4334	3933
4337	3934
4338	3935
4339	3936
4340	3937
4341	3938
4342	3939
4343	3940
4346	3941
4347	3942
4350	3943
4351	3944
4353	3945
4356	3946
4358	3947
4359	3948
4361	3949
4364	3950
4368	3951
4373	3952
4375	3953
4376	3954
4377	3955
4379	3956
4380	3957
4381	3958
4387	3959
4388	3960
4390	3961
4393	3962
4395	3963
4396	3964
4401	3965
4402	3966
4406	3967
4411	3968
4417	3969
4420	3970
4425	3971
4426	3972
4428	3973
4429	3974
4430	3975
4432	3976
4433	3977
4435	3978
4436	3979
4437	3980
4438	3981
4439	3982
4441	3983
4442	3984
4443	3985
4445	3986
4447	3987
4448	3988
4450	3989
4451	3990
4452	3991
4454	3992
4455	3993
4457	3994
4460	3995
4461	3996
4463	3997
4465	3998
4466	3999
4467	4000
4469	4001
4470	4002
4471	4003
4473	4004
4475	4005
4477	4006
4480	4007
4481	4008
4482	4009
4487	4010
4489	4011
4491	4012
4492	4013
4493	4014
4494	4015
4497	4016
4498	4017
4500	4018
4501	4019
4502	4020
4504	4021
4505	4022
4506	4023
4507	4024
4510	4025
4513	4026
4514	4027
4515	4028
4516	4029
4517	4030
4518	4031
4520	4032
4521	4033
4522	4034
4523	4035
4527	4036
4528	4037
4530	4038
4531	4039
4534	4040
4537	4041
4539	4042
4540	4043
4541	4044
4542	4045
4543	4046
4544	4047
4547	4048
4548	4049
4549	4050
4552	4051
4556	4052
4563	4053
4565	4054
4566	4055
4572	4056
4574	4057
4578	4058
4579	4059
4581	4060
4582	4061
4584	4062
4585	4063
4586	4064
4587	4065
4589	4066
4590	4067
4591	4068
4592	4069
4593	4070
4594	4071
4595	4072
4601	4073
4605	4074
4608	4075
4609	4076
4610	4077
4611	4078
4614	4079
4615	4080
4621	4081
4622	4082
4624	4083
4626	4084
4627	4085
4628	4086
4630	4087
4641	4088
4647	4089
4648	4090
4649	4091
4650	4092
4651	4093
4652	4094
4653	4095
4654	4096
4658	4097
4660	4098
4661	4099
4662	4100
4666	4101
4671	4102
4672	4103
4676	4104
4677	4105
4678	4106
4680	4107
4682	4108
4683	4109
4684	4110
4687	4111
4690	4112
4691	4113
4692	4114
4695	4115
4698	4116
4700	4117
4701	4118
4702	4119
4704	4120
4705	4121
4706	4122
4708	4123
4709	4124
4713	4125
4714	4126
4715	4127
4716	4128
4717	4129
4718	4130
4719	4131
4721	4132
4724	4133
4729	4134
4733	4135
4734	4136
4735	4137
4736	4138
4743	4139
4745	4140
4750	4141
4751	4142
4753	4143
4754	4144
4755	4145
4756	4146
4757	4147
4758	4148
4759	4149
4760	4150
4763	4151
4764	4152
4765	4153
4767	4154
4768	4155
4769	4156
4771	4157
4773	4158
4774	4159
4775	4160
4776	4161
4777	4162
4778	4163
4781	4164
4784	4165
4785	4166
4788	4167
4790	4168
4791	4169
4792	4170
4794	4171
4795	4172
4798	4173
4800	4174
4802	4175
4806	4176
4807	4177
4808	4178
4811	4179
4816	4180
4817	4181
4818	4182
4819	4183
4820	4184
4823	4185
4827	4186
4830	4187
4831	4188
4834	4189
4835	4190
4840	4191
4841	4192
4842	4193
4843	4194
4844	4195
4846	4196
4848	4197
4849	4198
4852	4199
4854	4200
4855	4201
4856	4202
4857	4203
4861	4204
4862	4205
4866	4206
4868	4207
4870	4208
4871	4209
4877	4210
4879	4211
4881	4212
4883	4213
4884	4214
4886	4215
4888	4216
4890	4217
4891	4218
4893	4219
4894	4220
4896	4221
4897	4222
4902	4223
4904	4224
4907	4225
4913	4226
4917	4227
4919	4228
4920	4229
4921	4230
4923	4231
4925	4232
4929	4233
4933	4234
4935	4235
4936	4236
4937	4237
4940	4238
4941	4239
4942	4240
4943	4241
4944	4242
4946	4243
4947	4244
4948	4245
4949	4246
4950	4247
4951	4248
4952	4249
4955	4250
4959	4251
4961	4252
4962	4253
4964	4254
4966	4255
4967	4256
4973	4257
4974	4258
4977	4259
4978	4260
4979	4261
4980	4262
4981	4263
4982	4264
4983	4265
4984	4266
4985	4267
4986	4268
4989	4269
4990	4270
4991	4271
4995	4272
4996	4273
4997	4274
5001	4275
5002	4276
5004	4277
5007	4278
5010	4279
5011	4280
5012	4281
5014	4282
5015	4283
5017	4284
5019	4285
5020	4286
5021	4287
5022	4288
5028	4289
5029	4290
5031	4291
5034	4292
5039	4293
5041	4294
5042	4295
5043	4296
5045	4297
5047	4298
5051	4299
5052	4300
5054	4301
5055	4302
5056	4303
5059	4304
5060	4305
5062	4306
5067	4307
5068	4308
5072	4309
5080	4310
5081	4311
5082	4312
5086	4313
5091	4314
5093	4315
5094	4316
5104	4317
5107	4318
5109	4319
5111	4320
5112	4321
5116	4322
5117	4323
5121	4324
5125	4325
5127	4326
5128	4327
5129	4328
5130	4329
5131	4330
5132	4331
5133	4332
5134	4333
5135	4334
5136	4335
5137	4336
5140	4337
5147	4338
5154	4339
5157	4340
5160	4341
5162	4342
5165	4343
5166	4344
5167	4345
5173	4346
5174	4347
5177	4348
5178	4349
5180	4350
5181	4351
5182	4352
5183	4353
5184	4354
5185	4355
5186	4356
5191	4357
5197	4358
5199	4359
5200	4360
5202	4361
5203	4362
5204	4363
5208	4364
5210	4365
5212	4366
5214	4367
5215	4368
5221	4369
5227	4370
5235	4371
5236	4372
5237	4373
5240	4374
5242	4375
5243	4376
5244	4377
5246	4378
5250	4379
5251	4380
5255	4381
5256	4382
5257	4383
5259	4384
5260	4385
5261	4386
5264	4387
5267	4388
5269	4389
5270	4390
5271	4391
5272	4392
5273	4393
5276	4394
5278	4395
5280	4396
5281	4397
5282	4398
5291	4399
5294	4400
5296	4401
5297	4402
5299	4403
5306	4404
5308	4405
5312	4406
5314	4407
5316	4408
5317	4409
5322	4410
5325	4411
5327	4412
5328	4413
5329	4414
5331	4415
5335	4416
5340	4417
5343	4418
5344	4419
5345	4420
5346	4421
5347	4422
5349	4423
5351	4424
5353	4425
5354	4426
5357	4427
5358	4428
5368	4429
5373	4430
5374	4431
5379	4432
5382	4433
5388	4434
5389	4435
5392	4436
5394	4437
5396	4438
5397	4439
5399	4440
5403	4441
5406	4442
5407	4443
5409	4444
5410	4445
5412	4446
5414	4447
5416	4448
5418	4449
5420	4450
5423	4451
5425	4452
5426	4453
5427	4454
5429	4455
5430	4456
5431	4457
5432	4458
5433	4459
5434	4460
5435	4461
5436	4462
5437	4463
5438	4464
5443	4465
5447	4466
5450	4467
5451	4468
5456	4469
5458	4470
5460	4471
5463	4472
5464	4473
5469	4474
5470	4475
5472	4476
5473	4477
5480	4478
5482	4479
5484	4480
5485	4481
5487	4482
5488	4483
5489	4484
5490	4485
5491	4486
5492	4487
5493	4488
5496	4489
5498	4490
5506	4491
5507	4492
5509	4493
5511	4494
5515	4495
5517	4496
5519	4497
5529	4498
5533	4499
5538	4500
5541	4501
5545	4502
5547	4503
5548	4504
5549	4505
5552	4506
5553	4507
5557	4508
5563	4509
5570	4510
5571	4511
5573	4512
5574	4513
5579	4514
5580	4515
5585	4516
5587	4517
5588	4518
5592	4519
5593	4520
5597	4521
5605	4522
5608	4523
5609	4524
5612	4525
5613	4526
5614	4527
5617	4528
5618	4529
5620	4530
5621	4531
5629	4532
5632	4533
5634	4534
5636	4535
5638	4536
5643	4537
5644	4538
5645	4539
5646	4540
5648	4541
5656	4542
5657	4543
5663	4544
5665	4545
5667	4546
5668	4547
5677	4548
5678	4549
5679	4550
5684	4551
5685	4552
5690	4553
5693	4554
5695	4555
5696	4556
5698	4557
5702	4558
5703	4559
5706	4560
5711	4561
5721	4562
5726	4563
5732	4564
5735	4565
5736	4566
5738	4567
5740	4568
5741	4569
5747	4570
5753	4571
5755	4572
5760	4573
5763	4574
5766	4575
5772	4576
5774	4577
5775	4578
5776	4579
5781	4580
5782	4581
5783	4582
5787	4583
5788	4584
5790	4585
5792	4586
5796	4587
5797	4588
5802	4589
5805	4590
5809	4591
5818	4592
5830	4593
5836	4594
5845	4595
5847	4596
5850	4597
5869	4598
5870	4599
5872	4600
5873	4601
5874	4602
5876	4603
5878	4604
5879	4605
5880	4606
5882	4607
5884	4608
5886	4609
5888	4610
5891	4611
5897	4612
5899	4613
5901	4614
5902	4615
5903	4616
5910	4617
5912	4618
5915	4619
5916	4620
5917	4621
5920	4622
5922	4623
5924	4624
5925	4625
5928	4626
5929	4627
5935	4628
5939	4629
5944	4630
5947	4631
5948	4632
5950	4633
5957	4634
5958	4635
5963	4636
5966	4637
5969	4638
5981	4639
5984	4640
5985	4641
5987	4642
5991	4643
5993	4644
5994	4645
6003	4646
6005	4647
6006	4648
6010	4649
6012	4650
6021	4651
6024	4652
6028	4653
6031	4654
6034	4655
6039	4656
6042	4657
6045	4658
6049	4659
6054	4660
6058	4661
6059	4662
6065	4663
6072	4664
6075	4665
6077	4666
6079	4667
6084	4668
6085	4669
6087	4670
6090	4671
6092	4672
6095	4673
6100	4674
6102	4675
6106	4676
6108	4677
6109	4678
6110	4679
6116	4680
6120	4681
6123	4682
6125	4683
6126	4684
6136	4685
6139	4686
6140	4687
6142	4688
6148	4689
6149	4690
6152	4691
6155	4692
6157	4693
6163	4694
6166	4695
6173	4696
6178	4697
6182	4698
6184	4699
6189	4700
6190	4701
6194	4702
6196	4703
6199	4704
6203	4705
6206	4706
6212	4707
6227	4708
6231	4709
6234	4710
6235	4711
6239	4712
6243	4713
6244	4714
6246	4715
6248	4716
6250	4717
6253	4718
6259	4719
6260	4720
6261	4721
6264	4722
6266	4723
6267	4724
6270	4725
6271	4726
6273	4727
6283	4728
6284	4729
6285	4730
6286	4731
6293	4732
6297	4733
6300	4734
6303	4735
6309	4736
6316	4737
6317	4738
6320	4739
6324	4740
6331	4741
6342	4742
6343	4743
6344	4744
6345	4745
6348	4746
6351	4747
6356	4748
6358	4749
6362	4750
6366	4751
6367	4752
6368	4753
6384	4754
6386	4755
6387	4756
6392	4757
6393	4758
6401	4759
6415	4760
6416	4761
6420	4762
6433	4763
6434	4764
6436	4765
6447	4766
6452	4767
6458	4768
6459	4769
6466	4770
6468	4771
6470	4772
6471	4773
6475	4774
6477	4775
6481	4776
6486	4777
6487	4778
6497	4779
6500	4780
6504	4781
6506	4782
6511	4783
6516	4784
6517	4785
6519	4786
6523	4787
6526	4788
6536	4789
6537	4790
6542	4791
6549	4792
6550	4793
6557	4794
6563	4795
6565	4796
6566	4797
6567	4798
6576	4799
6582	4800
6586	4801
6587	4802
6594	4803
6595	4804
6599	4805
6605	4806
6613	4807
6629	4808
6635	4809
6638	4810
6643	4811
6644	4812
6647	4813
6650	4814
6653	4815
6658	4816
6660	4817
6661	4818
6666	4819
6671	4820
6673	4821
6676	4822
6678	4823
6687	4824
6694	4825
6701	4826
6710	4827
6711	4828
6717	4829
6720	4830
6725	4831
6729	4832
6733	4833
6744	4834
6751	4835
6756	4836
6757	4837
6759	4838
6763	4839
6770	4840
6772	4841
6783	4842
6793	4843
6800	4844
6805	4845
6810	4846
6822	4847
6825	4848
6830	4849
6831	4850
6835	4851
6841	4852
6855	4853
6857	4854
6859	4855
6869	4856
6870	4857
6875	4858
6881	4859
6883	4860
6886	4861
6889	4862
6891	4863
6901	4864
6902	4865
6906	4866
6907	4867
6910	4868
6912	4869
6915	4870
6919	4871
6925	4872
6926	4873
6930	4874
6931	4875
6934	4876
6944	4877
6947	4878
6950	4879
6957	4880
6961	4881
6974	4882
6978	4883
6991	4884
6992	4885
6996	4886
7002	4887
7004	4888
7006	4889
7011	4890
7018	4891
7029	4892
7041	4893
7042	4894
7045	4895
7046	4896
7052	4897
7054	4898
7056	4899
7058	4900
7064	4901
7072	4902
7073	4903
7077	4904
7082	4905
7099	4906
7101	4907
7115	4908
7122	4909
7127	4910
7130	4911
7131	4912
7147	4913
7149	4914
7164	4915
7172	4916
7177	4917
7178	4918
7185	4919
7205	4920
7206	4921
7226	4922
7228	4923
7230	4924
7235	4925
7239	4926
7243	4927
7248	4928
7254	4929
7258	4930
7261	4931
7264	4932
7269	4933
7271	4934
7280	4935
7286	4936
7292	4937
7293	4938
7303	4939
7304	4940
7310	4941
7320	4942
7321	4943
7327	4944
7328	4945
7329	4946
7339	4947
7340	4948
7342	4949
7344	4950
7346	4951
7358	4952
7360	4953
7363	4954
7376	4955
7380	4956
7382	4957
7386	4958
7388	4959
7397	4960
7401	4961
7403	4962
7409	4963
7410	4964
7420	4965
7422	4966
7427	4967
7438	4968
7443	4969
7445	4970
7449	4971
7459	4972
7467	4973
7474	4974
7478	4975
7484	4976
7488	4977
7499	4978
7503	4979
7513	4980
7516	4981
7520	4982
7524	4983
7528	4984
7533	4985
7534	4986
7535	4987
7540	4988
7548	4989
7549	4990
7551	4991
7572	4992
7589	4993
7598	4994
7603	4995
7604	4996
7612	4997
7616	4998
7620	4999
7627	5000
7630	5001
7631	5002
7633	5003
7646	5004
7667	5005
7669	5006
7673	5007
7678	5008
7679	5009
7703	5010
7725	5011
7737	5012
7744	5013
7746	5014
7752	5015
7765	5016
7767	5017
7769	5018
7772	5019
7773	5020
7775	5021
7779	5022
7786	5023
7787	5024
7796	5025
7827	5026
7831	5027
7833	5028
7837	5029
7875	5030
7888	5031
7908	5032
7919	5033
7922	5034
7928	5035
7947	5036
7951	5037
7953	5038
7955	5039
7959	5040
7967	5041
7978	5042
7980	5043
7988	5044
7992	5045
7997	5046
7999	5047
8013	5048
8014	5049
8016	5050
8019	5051
8023	5052
8025	5053
8027	5054
8028	5055
8034	5056
8035	5057
8040	5058
8054	5059
8061	5060
8063	5061
8067	5062
8084	5063
8092	5064
8096	5065
8108	5066
8109	5067
8110	5068
8114	5069
8116	5070
8121	5071
8124	5072
8132	5073
8134	5074
8136	5075
8140	5076
8147	5077
8148	5078
8150	5079
8158	5080
8164	5081
8165	5082
8177	5083
8186	5084
8190	5085
8194	5086
8200	5087
8218	5088
8223	5089
8231	5090
8235	5091
8247	5092
8280	5093
8285	5094
8298	5095
8300	5096
8301	5097
8309	5098
8310	5099
8315	5100
8321	5101
8323	5102
8324	5103
8333	5104
8343	5105
8345	5106
8352	5107
8358	5108
8372	5109
8373	5110
8382	5111
8383	5112
8387	5113
8395	5114
8396	5115
8399	5116
8405	5117
8408	5118
8420	5119
8430	5120
8450	5121
8451	5122
8457	5123
8481	5124
8506	5125
8516	5126
8524	5127
8525	5128
8541	5129
8561	5130
8567	5131
8581	5132
8595	5133
8621	5134
8626	5135
8643	5136
8650	5137
8651	5138
8654	5139
8660	5140
8661	5141
8688	5142
8689	5143
8707	5144
8730	5145
8731	5146
8741	5147
8756	5148
8769	5149
8777	5150
8778	5151
8784	5152
8796	5153
8817	5154
8819	5155
8860	5156
8866	5157
8876	5158
8879	5159
8889	5160
8903	5161
8907	5162
8916	5163
8948	5164
8950	5165
8955	5166
8957	5167
8965	5168
8968	5169
8983	5170
8993	5171
9003	5172
9014	5173
9020	5174
9065	5175
9069	5176
9074	5177
9076	5178
9087	5179
9099	5180
9102	5181
9126	5182
9132	5183
9151	5184
9153	5185
9156	5186
9174	5187
9202	5188
9209	5189
9238	5190
9241	5191
9244	5192
9251	5193
9270	5194
9271	5195
9291	5196
9294	5197
9323	5198
9332	5199
9372	5200
9388	5201
9395	5202
9404	5203
9405	5204
9412	5205
9416	5206
9438	5207
9444	5208
9448	5209
9469	5210
9474	5211
9475	5212
9478	5213
9479	5214
9480	5215
9481	5216
9482	5217
9483	5218
9484	5219
9485	5220
9486	5221
9487	5222
9488	5223
9489	5224
9490	5225
9491	5226
9492	5227
9493	5228
9494	5229
9495	5230
9496	5231
9497	5232
9498	5233
9499	5234
9500	5235
9501	5236
9502	5237
9503	5238
9507	5239
9508	5240
9509	5241
9510	5242
9511	5243
9512	5244
9513	5245
9514	5246
9516	5247
9517	5248
9520	5249
9523	5250
9524	5251
9525	5252
9528	5253
9529	5254
9533	5255
9534	5256
9536	5257
9538	5258
9539	5259
9543	5260
9544	5261
9557	5262
9561	5263
9563	5264
9566	5265
9567	5266
9572	5267
9577	5268
9582	5269
9584	5270
9585	5271
9588	5272
9590	5273
9592	5274
9593	5275
9597	5276
9601	5277
9606	5278
9609	5279
9610	5280
9621	5281
9629	5282
9639	5283
9640	5284
9643	5285
9653	5286
9658	5287
9661	5288
9663	5289
9664	5290
9667	5291
9670	5292
9672	5293
9676	5294
9680	5295
9681	5296
9682	5297
9686	5298
9690	5299
9692	5300
9694	5301
9695	5302
9699	5303
9700	5304
9702	5305
9723	5306
9724	5307
9725	5308
9728	5309
9729	5310
9732	5311
9733	5312
9734	5313
9741	5314
9743	5315
9755	5316
9756	5317
9762	5318
9767	5319
9776	5320
9783	5321
9784	5322
9794	5323
9798	5324
9804	5325
9812	5326
9813	5327
9822	5328
9836	5329
9838	5330
9849	5331
9857	5332
9866	5333
9869	5334
9871	5335
9874	5336
9876	5337
9885	5338
9891	5339
9910	5340
9937	5341
9960	5342
9964	5343
9969	5344
9974	5345
9979	5346
9983	5347
10000	5348
10030	5349
10038	5350
10068	5351
10075	5352
10080	5353
10091	5354
10101	5355
10107	5356
10128	5357
10131	5358
10134	5359
10144	5360
10151	5361
10177	5362
10189	5363
10202	5364
10215	5365
10228	5366
10251	5367
10270	5368
10276	5369
10280	5370
10294	5371
10300	5372
10317	5373
10351	5374
10399	5375
10411	5376
10414	5377
10435	5378
10444	5379
10453	5380
10464	5381
10465	5382
10495	5383
10496	5384
10499	5385
10513	5386
10547	5387
10557	5388
10561	5389
10566	5390
10567	5391
10573	5392
10575	5393
10585	5394
10587	5395
10592	5396
10608	5397
10624	5398
10633	5399
10639	5400
10652	5401
10659	5402
10663	5403
10674	5404
10706	5405
10722	5406
10723	5407
10740	5408
10746	5409
10750	5410
10807	5411
10812	5412
10845	5413
10858	5414
10872	5415
10885	5416
10891	5417
10902	5418
10908	5419
10909	5420
10925	5421
10928	5422
10948	5423
10955	5424
10957	5425
10966	5426
10980	5427
11023	5428
11028	5429
11087	5430
11097	5431
11108	5432
11116	5433
11120	5434
11124	5435
11128	5436
11131	5437
11195	5438
11198	5439
11213	5440
11234	5441
11240	5442
11241	5443
11246	5444
11247	5445
11281	5446
11283	5447
11284	5448
11289	5449
11292	5450
11311	5451
11316	5452
11320	5453
11347	5454
11353	5455
11360	5456
11361	5457
11368	5458
11376	5459
11402	5460
11411	5461
11414	5462
11427	5463
11429	5464
11435	5465
11483	5466
11501	5467
11503	5468
11515	5469
11517	5470
11519	5471
11523	5472
11543	5473
11600	5474
11606	5475
11608	5476
11610	5477
11651	5478
11688	5479
11693	5480
11708	5481
11712	5482
11721	5483
11726	5484
11728	5485
11730	5486
11734	5487
11780	5488
11797	5489
11798	5490
11800	5491
11805	5492
11857	5493
11872	5494
11878	5495
11891	5496
11899	5497
11918	5498
11943	5499
11990	5500
12023	5501
12029	5502
12043	5503
12044	5504
12045	5505
12046	5506
12047	5507
12048	5508
12049	5509
12050	5510
12051	5511
12052	5512
12053	5513
12054	5514
12055	5515
12056	5516
12057	5517
12058	5518
12059	5519
12060	5520
12061	5521
12062	5522
12063	5523
12064	5524
12065	5525
12066	5526
12067	5527
12068	5528
12069	5529
12070	5530
12072	5531
12073	5532
12074	5533
12075	5534
12076	5535
12078	5536
12079	5537
12080	5538
12083	5539
12085	5540
12086	5541
12087	5542
12818	5543
12940	5544
13030	5545
14367	5546
14581	5547
14612	5548
14715	5549
15886	5550
16553	5551
17115	5552
17211	5553
17389	5554
17393	5555
17416	5556
17493	5557
17532	5558
17999	5559
18000	5560
18001	5561
18005	5562
18006	5563
18008	5564
18012	5565
18013	5566
18015	5567
19171	5568
19183	5569
19191	5570
19215	5571
19240	5572
19242	5573
19244	5574
19321	5575
19322	5576
19464	5577
19469	5578
19470	5579
19472	5580
19479	5581
19481	5582
19483	5583
19497	5584
19499	5585
19510	5586
19514	5587
19515	5588
19516	5589
19518	5590
19526	5591
19530	5592
19536	5593
19539	5594
19544	5595
19545	5596
19553	5597
19556	5598
19559	5599
19567	5600
19573	5601
19577	5602
19584	5603
19612	5604
19614	5605
19619	5606
19622	5607
19679	5608
19689	5609
19693	5610
19711	5611
19713	5612
19740	5613
19750	5614
19767	5615
19779	5616
19796	5617
19799	5618
19910	5619
19994	5620
20003	5621
20032	5622
20033	5623
20047	5624
20058	5625
20064	5626
20068	5627
20073	5628
20078	5629
20088	5630
20093	5631
20102	5632
20104	5633
20108	5634
20114	5635
20119	5636
20140	5637
20150	5638
20157	5639
20159	5640
20179	5641
20199	5642
20206	5643
20257	5644
20279	5645
20282	5646
20298	5647
20336	5648
20352	5649
20359	5650
20362	5651
20390	5652
20391	5653
20412	5654
20436	5655
20470	5656
20511	5657
20513	5658
20603	5659
20612	5660
20642	5661
20656	5662
20657	5663
20688	5664
20697	5665
20719	5666
20733	5667
20777	5668
20947	5669
21184	5670
21220	5671
21278	5672
21312	5673
21344	5674
21473	5675
21553	5676
21576	5677
21704	5678
21734	5679
21821	5680
22026	5681
22062	5682
22175	5683
22197	5684
22209	5685
22309	5686
22317	5687
22364	5688
22534	5689
22798	5690
22932	5691
23025	5692
23340	5693
23504	5694
23518	5695
23749	5696
23957	5697
24135	5698
24723	5699
26605	5700
28561	5701
28562	5702
28563	5703
28564	5704
28570	5705
28572	5706
28576	5707
28583	5708
28584	5709
28589	5710
28591	5711
28593	5712
28601	5713
28609	5714
28612	5715
28617	5716
28654	5717
28655	5718
30005	5719
30018	5720
30021	5721
30045	5722
30138	5723
30143	5724
30144	5725
30154	5726
30157	5727
30163	5728
30166	5729
30168	5730
30211	5731
30233	5732
30242	5733
30258	5734
30280	5735
30289	5736
30290	5737
30316	5738
30325	5739
30333	5740
30370	5741
30377	5742
30385	5743
30451	5744
30472	5745
30473	5746
30504	5747
30524	5748
30534	5749
30591	5750
30627	5751
30650	5752
30698	5753
30718	5754
30724	5755
30734	5756
30745	5757
30753	5758
30755	5759
30778	5760
30791	5761
30792	5762
30795	5763
30800	5764
30893	5765
30913	5766
30916	5767
30938	5768
30954	5769
31028	5770
31035	5771
31129	5772
31186	5773
31190	5774
31252	5775
31285	5776
31297	5777
31302	5778
31391	5779
31398	5780
31470	5781
31512	5782
31626	5783
31703	5784
31706	5785
31707	5786
31867	5787
31880	5788
31885	5789
31990	5790
32012	5791
32016	5792
32085	5793
32100	5794
32171	5795
32222	5796
32228	5797
32229	5798
32276	5799
32318	5800
32326	5801
32417	5802
32469	5803
32472	5804
32501	5805
32539	5806
32544	5807
32581	5808
32586	5809
32597	5810
32630	5811
32720	5812
32757	5813
32780	5814
32810	5815
32935	5816
33055	5817
33058	5818
33105	5819
33148	5820
33187	5821
33204	5822
33222	5823
33235	5824
33266	5825
33299	5826
33341	5827
33408	5828
33582	5829
33602	5830
33645	5831
33658	5832
33713	5833
33725	5834
33775	5835
33816	5836
33838	5837
33882	5838
33986	5839
34002	5840
34043	5841
34071	5842
34112	5843
34155	5844
34161	5845
34182	5846
34206	5847
34255	5848
34370	5849
34371	5850
34400	5851
34436	5852
34462	5853
34466	5854
34583	5855
34589	5856
34592	5857
34692	5858
34728	5859
34835	5860
34862	5861
35075	5862
35093	5863
35133	5864
35145	5865
35184	5866
35356	5867
35363	5868
35453	5869
35462	5870
35693	5871
35731	5872
35734	5873
35840	5874
36015	5875
36087	5876
36161	5877
36251	5878
36386	5879
36499	5880
36553	5881
36599	5882
36663	5883
36730	5884
36771	5885
36836	5886
36948	5887
37012	5888
37470	5889
37478	5890
37490	5891
37585	5892
37668	5893
37696	5894
37901	5895
38138	5896
38174	5897
38217	5898
38452	5899
38668	5900
38749	5901
38773	5902
38924	5903
39002	5904
39298	5905
39413	5906
39517	5907
39737	5908
39791	5909
39840	5910
39879	5911
39898	5912
39979	5913
